120 120 200 200 0.25 1 9.81 0.2 25 720 720 720
1.0 1.0
1.0 1.0
1.0 1.0
1.0 0.0
1.0 0.0
1.0 0.0
target_ball -1.150369694347158 -0.8288090830258685 5.2071778196546346
target_ball -6.644802911554816 -4.782598376161683 1.6103875542115667
target_ball -5.129291780299987 4.105987086459125 12.802854411083405
target_ball -3.7611914784562384 2.5680291398874253 14.461123479103858
target_ball -8.581387677772241 6.025681248869315 13.840080296612483
target_ball 1.6995252869310207 5.706279001531307 17.877948566006218
target_ball 4.778153519486864 10.279725169932988 2.679080726208494
target_ball -13.810800663261723 -7.592742745658416 -1.063252014539536
target_ball 5.525666308329001 19.34377231717137 -0.07143537376537079
target_ball -20.169494588424868 -8.736536723915822 -0.4110178960409563
